50
17
5
20
9

5 1 7 3 0 9 3 8 3 9 0 9 5 9 3 7 8 4 4 9 0 7 2 2 1 2 0 7 6 0 9 5 4 8 1 0 4 7 9 8 6 9 0 8 3 7 8 8 2 4

80

59 118
19 6
64 65
54 92
35 103
77 48
164 73
166 129
94 56
159 128
93 71
64 55
72 17
153 33
99 126
80 37
174 48
113 2
102 140
94 106
50 44
13 90
33 3
35 77
55 45
1 147
59 119
127 12
112 147
158 43
175 82
175 1
181 54
136 120
192 9
10 74
44 38
7 49
146 83
17 143
83 60
28 0
38 14
162 65
108 16
139 112
57 147
13 103
4 143
159 68